1000
1361914 -100.490000
868344669 -6.590000
376128984 105.790000
801617593 117.620000
762865354 -64.220000
16091592 -44.410000
158171745 160.080000
478533170 -162.300000
9580346 10.380000
613286890 35.120000
178503575 -16.120000
378067515 35.290000
841056888 6.520000
324225401 74.280000
26358306 12.900000
152840429 -86.720000
925772919 91.640000
905843610 163.740000
656565238 -76.600000
319210876 -156.050000
403561407 58.070000
60357102 137.230000
296222622 28.810000
742134462 74.220000
520674359 79.870000
502988456 147.180000
799288979 32.460000
413641925 35.710000
614589692 -114.170000
241703323 99.250000
555236487 82.430000
371026278 51.550000
528140588 65.460000
542003780 147.320000
152035771 63.210000
325390287 -140.770000
37851576 -113.620000
941914339 26.890000
205454919 103.940000
510285588 1.290000
785962552 -72.220000
610668167 83.840000
775118959 -123.520000
394935234 -152.330000
555127471 -24.170000
112421917 138.080000
590046706 -9.260000
402635882 -60.000000
489711724 158.260000
319764607 22.050000
210454620 111.230000
426970423 127.850000
29522891 23.790000
54246795 -100.240000
905176145 51.650000
212456056 -123.420000
118051084 -60.920000
10412585 -53.630000
150621153 109.650000
760181301 81.010000
271348261 -163.300000
65527651 115.550000
226096088 17.440000
15305917 -14.900000
807663499 14.240000
79343217 -97.660000
747523085 -20.740000
249572407 10.680000
675005449 1.360000
34018249 139.200000
203952816 -105.390000
68514091 163.190000
104711050 -132.900000
470007604 -147.960000
960541341 -89.350000
825741858 -97.650000
674364656 -15.850000
500732116 44.150000
917798060 40.890000
774040612 -40.910000
197871325 18.070000
971778877 -101.920000
649300993 27.730000
377197139 -137.490000
795340679 39.450000
742067844 -114.970000
618505558 134.860000
660016758 -149.670000
717006725 -60.610000
611147338 -106.840000
116580695 115.090000
799159438 -56.710000
85196710 46.200000
880434384 -16.950000
439120356 -11.280000
538137443 -57.980000
792381879 107.050000
29764358 73.740000
322196076 -122.140000
70605839 8.060000
654584921 -140.150000
940172189 -58.280000
112538427 -89.420000
311709849 16.770000
711637459 -2.440000
407080720 96.130000
546795458 61.660000
571378045 -34.340000
6347226 -130.860000
668999358 -2.780000
802414578 -39.280000
843244092 -46.820000
26152042 -105.970000
401826034 79.720000
21858947 -154.710000
354147568 45.620000
141351827 119.380000
640880632 115.990000
15765071 68.130000
662621403 -142.220000
181385795 -52.100000
342951466 52.760000
861536403 8.700000
656152562 131.270000
155500064 -31.970000
272396545 116.390000
71052874 24.040000
324575093 -89.920000
334292559 100.940000
144642852 94.410000
961213052 79.890000
660561786 116.870000
245354826 -88.650000
267953532 158.870000
57770889 8.090000
458249597 -79.030000
957229998 -115.810000
134342460 -137.580000
50561405 -53.600000
982105585 -22.020000
15902732 11.220000
904162556 -33.520000
278257506 8.390000
25161425 -84.830000
628708789 60.300000
14939327 127.870000
7731078 33.280000
844096816 -117.160000
238720145 -162.430000
448713993 52.410000
918100698 101.930000
710869956 99.190000
569218023 -117.050000
740328682 91.010000
33385270 47.360000
758624384 17.040000
17744945 -73.730000
155904789 39.320000
313807019 -43.400000
745718550 -112.740000
258286580 131.820000
114288106 -19.090000
86039002 -107.540000
46210198 121.370000
226172796 -162.600000
805940869 -31.220000
334092090 -151.190000
270661622 -82.670000
164838336 126.280000
8279767 91.640000
693141871 134.070000
489044896 53.800000
161889831 22.790000
453165743 13.300000
621214364 -80.180000
426211846 -151.830000
853848925 -140.800000
418126277 -140.590000
212236967 47.300000
487822130 64.670000
473833248 -33.900000
897310933 -98.430000
19442840 -35.480000
60215123 129.670000
616787726 41.730000
760720298 -70.260000
279384799 129.540000
762544726 129.780000
422576254 132.340000
331352621 23.130000
379629736 80.400000
790659172 -118.180000
214927685 59.130000
978270838 5.790000
117466662 -97.290000
556142981 -20.140000
738309007 -137.760000
81361372 -47.480000
329888237 -117.080000
423941669 57.590000
778353829 63.580000
661095684 14.420000
105560377 -147.570000
46396582 154.000000
781510348 58.960000
743855860 -36.490000
53666113 -108.270000
65314807 93.220000
228134402 -5.020000
9844513 2.580000
650613640 -32.410000
375602965 144.940000
669265886 -146.310000
604350077 -37.100000
328989993 -155.080000
657712042 -157.730000
33338971 117.290000
5796233 74.480000
656677168 123.020000
625541527 -137.940000
851629475 29.700000
632880489 103.570000
722327006 -160.480000
287017345 -87.780000
827837669 121.200000
125488618 42.250000
959816961 11.660000
968487013 152.440000
211933730 97.460000
23668892 127.910000
675039044 38.320000
284524074 76.090000
846180609 70.090000
516377823 100.450000
918364793 -63.080000
615576360 85.870000
206029976 162.210000
16503022 62.800000
186970865 -73.730000
726504646 18.570000
398603330 -87.640000
685263862 -96.790000
42589637 -156.330000
825897210 -148.440000
9939823 47.150000
368544033 -27.350000
97368621 65.300000
362916070 123.290000
574948460 -146.140000
500098473 -23.980000
926961607 -135.180000
607523425 91.250000
927923776 -67.820000
928080873 80.890000
889714671 121.870000
975274122 7.200000
472601968 -47.830000
883707238 -108.180000
939019 89.640000
68420439 -37.460000
734302166 -113.340000
153383915 -50.410000
19954396 48.380000
57634340 45.050000
463522672 -84.340000
420848011 92.370000
24536783 -118.470000
681014596 158.430000
497573933 -65.300000
839796667 -6.350000
652820300 158.740000
811512466 -14.280000
764093632 90.280000
688946530 146.180000
738872579 22.010000
311795969 69.590000
264611438 -2.410000
22221279 86.890000
669313348 97.900000
800497447 -96.780000
675881954 29.920000
986073896 -3.470000
482883653 144.310000
196413654 -97.310000
784341750 40.990000
44420300 -152.520000
597360251 -17.580000
65927074 -121.970000
645183880 -107.210000
708892171 -60.300000
701751524 -23.750000
237976187 -109.290000
534217035 99.200000
467126500 -52.590000
403595352 107.260000
787354676 46.970000
698543764 76.670000
791518246 -11.190000
390029277 132.600000
881742105 -128.220000
933524011 -151.010000
447398525 -141.630000
177014257 -125.520000
634667901 38.760000
622857755 75.880000
983130246 -66.020000
868468960 163.020000
829437769 -107.940000
416867712 26.540000
210067931 -101.490000
409859597 -124.240000
212757646 88.860000
817139548 -163.250000
481688871 98.810000
495354954 81.720000
256092435 -133.440000
989985892 116.990000
64042803 43.270000
802292002 -80.030000
976974056 -98.420000
593575884 7.270000
848622839 -155.950000
785672491 135.730000
940078576 -63.750000
424053537 -146.600000
700001449 88.010000
811907926 -113.120000
61787769 -153.120000
371371278 97.700000
468436433 44.420000
317069121 122.670000
85131975 -116.900000
153576242 -62.670000
401389650 -148.550000
874198657 130.380000
275415461 -95.670000
246304498 122.830000
953121410 35.810000
43913466 -103.620000
382143475 -103.190000
960388418 15.190000
978865715 75.580000
72987176 120.400000
902113083 -41.150000
305328508 155.240000
796490950 -153.710000
692589942 77.310000
878454587 71.730000
402727723 136.130000
955224638 89.620000
481937284 -88.920000
449306235 137.310000
538664671 83.390000
973317963 -153.310000
827996802 18.550000
865830359 -55.170000
578664951 121.030000
694536794 102.500000
398393208 -152.370000
602663701 -124.580000
348899707 -97.810000
9457066 114.470000
959825564 -91.050000
681539185 40.650000
454872034 119.320000
149917787 -68.160000
731902109 150.350000
651990827 -25.320000
878704102 -119.340000
554582133 -161.540000
803457780 131.770000
496346911 -147.280000
677458517 59.780000
40499715 67.630000
285558584 48.050000
641226061 112.800000
493987040 -48.620000
15579940 41.450000
433651048 -154.780000
310126445 125.790000
464044011 -38.340000
572407053 155.400000
928958783 65.420000
357507707 -0.470000
600849757 -39.900000
250239526 117.810000
35162245 27.520000
82094672 -63.790000
535317102 122.810000
326712598 141.850000
631787612 -72.310000
602056743 -81.890000
323630718 120.130000
248117973 -17.430000
955963277 -154.400000
68566577 39.060000
275870938 -125.780000
248553911 150.670000
52921314 -53.190000
300359215 -3.090000
442679703 33.120000
313694080 -32.220000
21430891 109.750000
852984045 30.430000
934197592 143.910000
287692403 71.690000
137056985 -8.880000
188869862 -150.190000
488322089 -119.230000
15538530 104.380000
855965121 51.940000
320781768 138.120000
904180548 -0.400000
24708799 -153.710000
382479863 -29.550000
193728266 -104.160000
799781351 -144.750000
564357800 100.510000
170548954 -120.640000
31396731 104.230000
267594022 -50.160000
579735551 121.490000
1259425 -129.360000
164541390 98.390000
961091253 122.000000
883017839 15.990000
721478582 -71.630000
19446318 74.730000
638637755 -120.590000
212546439 -4.140000
381513715 -7.060000
742793424 56.080000
54974114 4.450000
253220035 -5.120000
350526211 23.200000
361333117 -108.380000
311555821 138.550000
794200222 49.300000
737299117 87.450000
69194787 117.660000
366729718 -5.140000
22341792 38.840000
580421664 22.510000
834661996 64.470000
815959509 -112.060000
454733429 -156.810000
470666569 2.070000
289105478 -83.600000
54425887 37.860000
76260851 149.270000
923450652 -84.570000
310862199 161.450000
185168575 -91.700000
323108403 49.030000
89855724 -119.110000
233581610 -105.420000
678870209 -15.160000
814762393 -145.020000
303346869 122.310000
609429124 -137.220000
854039077 44.240000
664468715 30.520000
208594030 -87.970000
45422895 -80.230000
436810158 -74.550000
966376797 74.570000
221703257 34.270000
380076270 55.090000
47961521 129.690000
372559267 54.110000
216533588 -47.360000
571203879 -91.750000
106954985 68.600000
905996798 104.580000
6209063 34.290000
4252538 34.680000
801968191 135.080000
891282254 -63.930000
842018518 13.970000
739826257 161.610000
109455267 -154.840000
738085158 -108.450000
245496557 118.690000
819536997 -5.490000
60322777 -135.980000
607171283 24.220000
943408089 -31.730000
443981661 105.960000
14836033 -163.100000
661665651 51.140000
453067818 34.070000
215685972 -52.240000
669063095 -162.240000
113026307 -73.110000
340148468 115.840000
334492013 21.200000
503661397 -21.870000
395642480 -37.720000
623224334 -53.270000
422397793 3.000000
449452104 90.690000
89819301 -95.700000
93789550 -9.230000
675502609 -137.840000
659800992 -71.850000
885771931 162.010000
237236597 6.230000
284090131 24.990000
827337506 153.750000
396674156 7.120000
239077948 -7.050000
333516105 86.750000
903628309 -23.760000
777552224 -133.880000
87774702 113.700000
684809317 -8.180000
101361939 -102.110000
368429310 -88.690000
333179911 -51.920000
195726213 -96.350000
185177303 -142.390000
538917659 101.340000
479378359 -105.090000
517439166 65.290000
266950675 -72.920000
321635054 104.740000
676336932 -161.470000
280200104 148.430000
922801209 68.000000
275076378 -2.860000
100457920 -138.700000
303467765 46.950000
553055566 -117.720000
46809793 -162.130000
982204314 83.670000
201487616 -25.180000
727903420 106.240000
898873240 -0.160000
934585256 154.270000
578049878 -141.960000
219709214 -100.620000
214261997 30.640000
793233182 58.930000
844075342 140.390000
906540308 -129.280000
66481090 -115.230000
958544828 149.650000
409696662 60.480000
952942349 -21.860000
724356054 -5.620000
566764313 96.380000
801332932 107.410000
600235041 -50.070000
58158517 86.150000
395638011 -94.610000
348478688 125.050000
267162583 -116.360000
939777486 92.950000
211361951 85.780000
465279488 99.800000
187306745 151.780000
761675388 118.910000
50813203 -152.020000
140474828 17.270000
610892646 -92.110000
82877724 -142.710000
441572473 -81.360000
881121301 -75.780000
60763355 -123.940000
305411605 -9.520000
316474979 8.230000
870898274 -141.770000
890330323 -129.870000
547141619 73.110000
508853531 137.260000
589293697 125.950000
708328254 2.430000
120722796 15.230000
849594873 117.350000
799202329 -45.980000
474681961 -39.630000
678622841 -5.700000
898313390 -160.650000
117307191 -91.160000
274830273 68.030000
475355229 14.440000
919927189 -92.310000
991900125 -116.900000
651572132 149.280000
576842945 -159.770000
254563078 30.300000
163835542 11.540000
984276534 -90.280000
435472310 -132.020000
429034915 -53.960000
352626180 -81.660000
311336749 130.640000
513305808 57.210000
494276523 -28.580000
990255471 53.980000
159648930 -127.270000
109562674 106.970000
526908228 50.280000
449354839 -131.320000
891798751 123.850000
558381211 -34.500000
779187156 -41.240000
873366787 -142.880000
798379829 -86.630000
879328125 -74.070000
604720710 -123.120000
812897295 -72.270000
183578566 -84.780000
342094855 51.790000
749894757 46.970000
60171009 148.190000
344325716 -110.430000
395703350 151.100000
253625126 40.910000
811755988 -75.030000
764629017 70.170000
23189224 42.830000
135711735 -39.020000
562572171 30.130000
531645584 56.290000
594273767 23.790000
820584723 -163.620000
587274686 -71.350000
852559174 73.340000
318316288 -30.930000
109290704 -132.140000
717438768 62.570000
720210092 127.220000
812345358 -77.020000
119673837 76.500000
49510229 -93.410000
860252134 -49.630000
518210056 -41.390000
17848549 42.690000
618121457 140.870000
491689882 -147.890000
704088855 -131.070000
698697281 -87.040000
786112918 83.270000
959140802 128.380000
932896673 72.060000
784938463 83.960000
164044864 37.520000
769625725 126.500000
68430431 33.960000
524057421 85.790000
621437156 27.220000
386904536 -137.140000
102724449 -149.260000
425909011 -27.860000
465890044 -15.390000
241566887 46.450000
958922289 -16.600000
442034434 152.180000
793857306 73.090000
647856720 129.180000
732776142 -128.180000
570857352 22.270000
16236406 -13.610000
42412954 66.320000
263941578 -76.450000
500666875 -147.750000
414637440 163.240000
794437253 -162.390000
730407769 67.710000
806203891 58.420000
657917550 155.980000
76376843 118.400000
674832728 24.630000
163438474 24.220000
282326222 41.060000
895806209 117.520000
481608808 52.470000
760982716 103.540000
801971478 109.890000
337274586 -96.490000
313316343 112.230000
268172203 119.990000
462644014 140.490000
808833407 -41.040000
599099728 144.530000
790527993 -36.460000
590755595 41.940000
351833370 41.730000
746939825 55.180000
288123663 -142.470000
150087735 -104.760000
694164202 -76.640000
877848406 136.580000
109810546 -0.930000
752812130 -127.920000
399412750 151.070000
106147206 -133.300000
559114002 95.200000
884897011 20.960000
55546204 160.850000
458693549 72.560000
967145626 136.100000
518586264 74.550000
813551657 80.160000
294194017 -153.600000
882866115 -21.400000
240807385 -76.760000
671814175 -56.960000
273489273 82.540000
603350171 64.330000
38399391 -74.480000
954391052 34.940000
372980254 108.060000
875056609 -137.200000
679029969 61.830000
536074158 22.050000
255971282 -69.160000
62496841 -31.940000
345442777 51.640000
999488651 -72.840000
819945867 148.200000
984603867 -148.130000
282985270 95.840000
277087157 -48.520000
981791673 -84.080000
345895983 151.120000
263608339 104.200000
111033511 -89.330000
403662945 94.080000
962802894 -146.080000
807467983 19.170000
588310796 -127.980000
73980452 -154.900000
343735933 -116.330000
564684433 78.880000
642612627 139.550000
709133905 26.640000
77077642 -159.040000
829103317 26.070000
327751102 -119.610000
553604600 16.250000
405049629 58.110000
776568321 37.950000
132475571 75.580000
60528118 -0.380000
143551373 -14.190000
842459631 90.020000
657759495 -69.210000
71607302 -53.140000
168884647 151.690000
50987906 -126.530000
73539992 -33.340000
462628571 99.800000
640689157 20.870000
974202424 -88.720000
192323921 -58.850000
232771353 92.960000
919225694 -18.610000
18662058 94.510000
322771972 -91.430000
717967229 -107.320000
936496337 112.330000
978966070 -111.630000
478912053 104.150000
54440927 4.740000
94468923 25.190000
926080374 33.870000
623303147 94.580000
415711050 -124.660000
39272830 -26.850000
369197538 -163.180000
340423295 92.360000
526928130 127.470000
426907107 -17.940000
758640214 27.890000
650890095 -40.880000
833228957 21.070000
871956047 146.880000
826914471 42.600000
551823913 106.540000
782924561 38.910000
425770413 158.200000
572152877 32.790000
730954466 147.680000
603675331 3.340000
217601583 -108.170000
160024922 62.760000
597854301 162.680000
73630355 4.570000
563888800 109.000000
958452808 -79.620000
5764806 104.040000
107185144 116.160000
409743547 -142.450000
350607430 -139.220000
397070711 -88.430000
616961535 -47.610000
471783026 107.150000
423851626 142.310000
641170382 122.130000
627856233 -58.450000
251343428 50.930000
706317602 -0.120000
549180672 -26.250000
505725366 126.820000
23791243 -133.490000
418084546 141.650000
893673183 -1.900000
423805748 7.200000
120938441 -26.890000
808328983 -88.850000
32421811 -125.040000
381648398 145.480000
21951998 92.150000
833912819 82.160000
659371784 -146.520000
594874979 -119.490000
307542262 -55.670000
373331135 134.830000
14267258 118.400000
612249420 62.840000
329275285 -24.530000
9603850 -2.930000
177850252 -147.790000
347313907 -91.880000
16585260 12.060000
323044895 15.060000
375083889 -125.650000
306848163 -163.570000
822093766 136.830000
865448844 -38.130000
480913887 122.580000
982568913 47.260000
268283512 47.020000
766451380 23.030000
155818466 117.450000
835648311 144.790000
865838773 -125.110000
27293029 -19.550000
217790371 -99.050000
356628186 48.820000
24301464 43.950000
190750562 -138.630000
423603782 87.510000
892956192 -30.470000
535237179 -136.460000
305066744 -87.930000
667006123 156.970000
358339290 8.990000
59818493 -28.100000
154411141 -113.850000
324564297 -146.660000
284830303 116.640000
358686685 138.480000
790177044 94.750000
682506488 -129.890000
563579278 -21.110000
22139587 156.890000
451302371 -51.450000
881337541 132.250000
629247978 -102.580000
659732179 -73.050000
602343163 43.530000
900389565 47.550000
613462433 -57.200000
54971834 -96.590000
851347127 -84.220000
945737156 20.650000
822288549 76.330000
496003586 -23.900000
697415772 138.760000
26908765 82.600000
578938033 -162.640000
978347360 -74.920000
827827111 -94.680000
264513153 -155.420000
154514020 -38.470000
490123778 -156.830000
440786777 78.580000
387613291 -111.560000
386601290 -60.590000
402200291 65.020000
492762316 -95.210000
69159526 -44.740000
487514349 107.020000
963372824 -21.900000
757090947 -6.180000
188982696 -57.060000
451661032 -15.930000
322241569 -157.620000
592618929 88.070000
673117712 57.030000
49149426 140.410000
740457275 78.710000
972182231 -34.560000
409384199 -100.170000
298247672 -37.830000
354520491 -140.930000
490997067 -138.270000
845655368 50.950000
878628125 -91.440000
919925778 -55.560000
83688906 -89.420000
550433708 26.190000
534820311 -24.370000
231222461 134.500000
580257797 -98.500000
677832966 100.020000
332341756 8.770000
726181107 -120.400000
313843513 -162.700000
428039912 -104.490000
668938961 133.780000
819596615 -44.240000
532515255 -30.130000
856010615 -83.760000
576185879 67.180000
474786021 -9.420000
58669943 140.290000
486774845 -92.900000
277627426 162.930000
443770854 -101.170000
906055592 51.450000
17442805 -109.140000
65058529 7.240000
913939615 15.700000
930343234 -28.640000
638062431 61.110000
311478775 40.000000
467344363 122.240000
591055506 -109.120000
366060811 135.640000
377293761 48.460000
16029829 15.040000
975041484 -89.130000
843410479 -78.610000
238650221 11.700000
809535826 -151.240000
831854749 -117.540000
1404531 56.620000
404882440 90.690000
103377584 -45.500000
909638839 92.480000
220805313 93.930000
691342480 -0.630000
427731658 0.860000
793495394 34.590000
950487832 98.770000
14054141 122.470000
613322982 149.930000
829480464 7.340000
43731798 -22.120000
877902428 27.710000
618196915 142.810000
779048425 -41.710000
691391251 90.930000
209031636 14.940000
124154524 -49.980000
271060058 -12.390000
968650850 -18.790000
424225470 39.250000
398349849 -112.600000
211809962 -120.370000
453398960 89.350000
871978929 12.080000
125590267 -99.220000
556775558 109.470000
933811335 9.080000
275256979 77.340000
75941053 -147.880000
47223183 54.840000
230317929 115.260000
457871272 -48.800000
870593239 -145.000000
831205874 120.190000
171388567 122.980000
510092199 -145.170000
120825100 -129.060000
23837678 -101.450000
906697704 97.320000
150493375 162.740000
46037688 -92.120000
674367600 61.470000
448113045 94.070000
438335157 2.030000
707902757 32.480000
974630036 102.270000
613359625 18.760000
194224618 117.360000
703825109 -100.830000
701099585 -49.250000
682561203 144.230000
978077037 78.890000
857197014 -43.290000
862853557 -121.540000
343113685 -58.240000
728800268 63.050000
536276755 103.020000
74406419 158.780000
1000
749055828
563888800
258439867
465890044
865448844
738872579
325390287
817139548
210067931
701099585
208594030
936126543
206184926
410499016
285251448
399412750
582021835
980029251
677458517
707902757
654584921
589293697
191085672
89855724
531197591
401497344
681088623
793233182
170548954
212236967
60171009
340423295
258286580
789675265
493987040
808833407
14453627
16091592
35679350
818505462
251645370
111496449
56460413
993604894
305066744
458516296
104937544
855965121
546795458
334492013
25161425
24301464
294337095
692589942
273384849
321635054
9457066
238720145
375083889
822288549
819596615
564357800
311478775
78767143
572407053
872122509
150087735
45422895
220805313
657712042
46396582
813551657
801170391
238650221
284934468
271060058
329031572
74406419
555127471
675502609
654629874
117466662
449354839
127932606
337274586
41519540
831205874
645183880
333179911
909638839
807467983
695300557
359923187
68566577
727903420
288123663
892969870
860080353
396674156
340216265
29281808
625981252
376683476
287017345
230317929
318316288
29764358
805940869
794437253
662621403
118051084
428039912
799159438
651572132
32421811
160024922
622857755
766451380
936496337
661665651
105560377
546994603
372980254
894426971
870593239
991900125
720212840
41955005
460779980
349882350
898313390
324564297
982204314
819945867
766373271
270661622
710869956
826914471
98212406
9969405
409585525
496346911
388527287
386601290
553604600
452518090
542003780
332088331
54246795
442679703
73980452
587274686
275870938
131269533
282985270
62192751
68514091
72987176
413641925
375602965
674832728
848622839
641170382
418084546
871978929
9939823
248117973
841073362
786684677
978347360
941973277
990255471
968487013
528894817
344259190
125488618
415303113
294605162
360314849
628708789
635753573
37851576
340148468
326712598
380076270
350526211
16236406
641226061
621214364
938528753
68913807
764629017
526928130
492573609
464044011
348899707
659800992
313807019
757090947
76260851
132475571
451785853
538684154
878314502
918364793
253220035
865838773
351833370
66128097
973317963
76376843
19446318
556142981
150493375
211361951
580421664
582471884
54440927
814762393
50561405
647856720
500732116
34018249
548982911
664520398
10315300
623303147
185168575
496276076
31374708
833234307
640002219
22221279
164044864
274600625
649300993
412350198
55098605
125590267
423851626
35361095
262048698
491689882
62772758
394935234
801332932
17744945
804301927
383852787
437066553
955963277
545277990
51723077
50813203
602056743
16029829
930343234
506157091
640689157
656152562
604350077
691391251
73630355
245354826
890241986
48041280
379629736
313843513
82094672
628968053
855271650
112538427
473904697
552427724
267794756
6347226
846180609
345895983
492166370
712223134
825897210
41499616
387613291
940172189
822093766
275076378
470007604
487822130
219632998
84278981
718284294
363065658
296222622
65927074
284524074
669063095
601734273
231222461
944967263
612249420
542809117
602663701
212757646
480474292
781510348
126166394
533400632
402200291
29472301
833228957
420848011
423941669
255384816
209031636
437679705
192204141
120722796
343027825
893673183
24768473
21951998
319210876
566730987
204200680
796253690
550433708
345936780
164776132
241120660
876410572
860310748
760982716
123428109
676336932
534820311
26358306
597360251
163438474
711134278
327751102
971778877
555236487
322771972
629247978
941914339
899193998
311336749
223634007
3980540
652636132
343113685
570857352
861509185
631787612
282326222
239178655
904441103
417100877
168884647
974630036
618196915
368544033
569218023
975041484
441572473
14054141
871239534
739826257
895806209
240140431
352626180
852984045
678870209
845655368
964816293
827827111
198715314
79343217
478912053
178503575
842459631
856010615
40175945
697968868
27152544
395703350
955942477
860252134
205454919
14815853
51452401
225766341
155672210
762865354
10445366
389482392
426627751
305411605
1361914
874198657
986932290
499811168
627837225
805779859
785672491
216533588
264141131
929471607
89069813
284830303
275256979
424225470
106147206
579735551
686438247
438335157
490997067
324225401
366729718
386904536
5764806
109455267
645027418
279995669
600849757
946979532
691342480
491936255
721478582
107531897
44178993
551636018
482883653
116580695
53666113
926961607
954391052
704088855
322196076
578938033
940998331
102039418
777552224
807663499
190750562
323353400
538575778
342094855
267594022
16503022
125027279
104711050
672938574
405049629
711250577
717006725
698543764
693233472
1259425
66813440
103377584
74804037
536074158
870898274
549180672
521230589
671814175
385452992
875583959
59916306
812897295
995737673
8279767
28744665
905996798
82906719
30644188
841263860
755986232
21430891
164328957
320544727
819536997
480361940
510285588
247371971
745718550
808328983
623224334
535237179
448113045
313316343
417289885
446693229
791518246
931637216
156330903
7731078
371371278
664675733
779048425
216644804
241703323
871956047
71052874
700001449
214927685
429034915
256092435
38399391
402727723
93432714
793857306
323044895
708328254
250239526
568924608
925772919
475355229
956593989
902113083
441437044
89531724
203952816
703816537
309634216
750695210
511493397
864836618
785132652
630824835
277087157
212546439
332341756
590046706
101361939
119658077
697002699
166608963
186970865
743855860
42412954
94468923
810262301
659371784
460289122
155610620
431814682
415994651
23956955
159648930
916562732
843244092
632880489
434552232
682561203
601850388
642612627
392480213
952942349
81586737
534217035
343466523
437800839
185017665
378614950
194820291
297579322
905446087
503599305
793495394
807795483
882866115
905176145
661095684
885932294
503661397
958768847
696741182
64042803
270217102
544476585
279384799
1404531
829204782
354520491
88489749
467344363
168839432
799781351
897310933
868344669
830030691
195638527
465279488
951983156
696875451
474786021
245496557
775118959
317069121
452796281
453165743
952905275
326077324
868468960
986073896
784114883
845921756
656378381
517449119
510092199
54974114
333516105
443972600
934197592
360154790
380780737
889714671
799288979
60528118
775708134
105917827
701751524
489711724
454872034
642279907
481688871
395642480
344325716
349047121
55684449
796490950
316474979
705509106
830390596
810536267
605437013
197871325
572152877
903066238
928958783
251723569
960388418
15902732
29443802
829103317
140474828
838478783
268172203
884897011
411799943
736961027
353029480
902301541
879328125
425770413
426970423
128442722
212456056
44710686
421976764
40209623
668991873
163835542
40499715
675039044
285821037
206606936
15305917
939259961
830907866
358686685
607171283
686654590
426211846
211234264
658391267
516377823
545494675
106309740
474201525
906547852
73445255
575297654
508853531
638637755
495477534
797435987
303346869
553055566
109432718
613286890
688979405
40312394
650890095
501022528
52921314
93665638
479715740
827337506
350607430
366225572
176552025
672503342
133953493
490123778
348320616
343708228
271348261
852559174
780559971
891798751
342951466
496003586
253547180
745432450
917798060
668938961
215827449
64624801
67958344
528140588
85196710
357507707
65314807
502749957
959825564
7100884
578664951
580257797
778353829
717438768
740323495
760181301
903043706
295131145
959816961
300359215
668999358
51167380
9580346
279489875
731230801
299273941
181292327
997416593
801617593
966376797
770393320
599099728
883017839
913524693
33385270
968650850
943407675
234649308
426907107
690473692
291165096
425909011
776568321
10412585
865830359
831854749
50987906
24536783
669265886
495354954
982105585
62496841
43088145
930358258
423603782
448713993
172061040
403059928
319764607
102724449
682948945
742067844
36550780
97368621
988539273
674364656
554152151
454733429
287177222
900389565
898726405
144321597
681657907
314010091
201487616
144642852
329888237
806203891
2304873
378817869
563579278
334292559
565080124
654738366
986328874
22956056
60322777
109810546
9978158
968502076
27293029
261536634
237236597
571056650
645393656
18998805
641273944
684948046
505096570
381105528
440786777
705074184
928080873
162867778
16056362
27751708
381648398
226172796
818151521
395638011
978966070
854039077
377538705
328989993
137056985
481937284
155818466
960061781
855870405
607523425
451302371
943408089
221703257
332386237
758624384
839796667
566764313
898547419
23791243
149917787
211695211
811907926
93789550
911764504
55747461
435914393
162150322
949242862
214986938
70743834
550749356
334374163
199893099
264611438
160503740
251343428
518210056
897690149
808973580
343007381
49510229
576842945
544331608
131377841
424053537
761876241
501081123
62923445
274830273
730013306
154387566
718585718
588955799
457871272
986327638
294488699
602343163
697415772
792381879
123877814
708892171
155903877
470060516
934915222
285618934
924296274
928897509
437838260
884696131
211809962
802414578
940078576
909131983
10072421
237155422
120259439
623883165
479378359
93248214
187306745
33036032
495862602
939019
606816941
358339290
57770889
763132376
414314800
314628235
25350785
68430431
433651048
827837669
123781340
53555296
857715578
65527651
23905457
47961521
315361389
478533170
803457780
511223283
64479734
57634340
72462874
973065708
43913466
538917659
497573933
181048579
957490355
120825100
779187156
155904789
116234279
393183384
247004428
61843341
558381211
877848406
547141619
33338971
413510942
746939825
616961535
161871969
322241569
118334243
648392680
881887294
326471798
95756881
851347127
449918613
4791772
616787726
46037688
953121410
310862199
206029976
600235041
984603867
634667901
350884382
754915030
494276523
197945203
21210399
678622841
177850252
145576375
526908228
621437156
134342460
552328997
626738856
442454077
932896673
835445123
62258224
439120356
483714093
320781768
179115795
6209063
453398960
538137443
87774702
19954188
135711735
