992
554 -100.490000
192 -6.590000
231 105.790000
777 117.620000
251 -64.220000
517 -44.410000
732 160.080000
115 -162.300000
776 10.380000
216 35.120000
250 -16.120000
826 35.290000
672 6.520000
500 74.280000
975 12.900000
742 -86.720000
71 91.640000
360 -35.240000
379 -40.670000
665 -145.410000
545 -73.430000
49 62.650000
439 -4.930000
220 -10.330000
462 80.100000
785 -37.600000
991 23.730000
668 -90.070000
338 5.610000
448 -50.600000
146 -2.650000
648 1.580000
791 -117.440000
535 -64.530000
136 152.900000
289 123.620000
424 -101.130000
786 -8.100000
48 76.030000
544 22.530000
253 72.720000
482 -43.310000
317 5.580000
141 -129.530000
966 16.240000
813 -40.960000
450 -14.380000
751 -66.250000
376 111.230000
880 127.850000
398 23.790000
603 -100.240000
874 51.650000
767 79.670000
134 -70.090000
200 76.380000
876 32.850000
35 -116.490000
914 100.350000
810 -125.950000
502 -126.550000
43 61.000000
489 -20.730000
427 -68.690000
217 25.520000
664 151.730000
63 -101.590000
636 162.260000
579 -131.880000
524 -20.400000
760 -89.350000
942 -97.650000
931 32.060000
240 107.740000
487 21.550000
627 77.960000
922 -84.250000
635 65.050000
94 -1.810000
304 36.720000
778 99.790000
479 120.500000
906 74.610000
580 156.150000
724 -63.620000
816 80.060000
100 -137.830000
990 104.860000
394 -29.820000
968 0.400000
372 77.990000
985 150.430000
202 -122.140000
177 123.090000
188 -129.490000
798 -68.710000
483 53.350000
823 -39.600000
82 3.040000
142 10.540000
860 -161.900000
588 40.330000
530 81.050000
758 93.510000
179 149.330000
788 -41.200000
219 148.020000
775 45.620000
617 119.380000
392 115.990000
322 68.130000
444 -142.220000
591 -52.100000
858 52.760000
728 8.700000
65 131.270000
720 -31.970000
421 116.390000
893 24.040000
843 -89.920000
601 100.940000
354 94.410000
800 79.890000
885 116.870000
717 -88.650000
847 158.870000
176 8.090000
806 -79.030000
725 -115.810000
252 -137.580000
895 -53.600000
461 -22.020000
846 11.220000
297 -33.520000
527 8.390000
868 -80.230000
41 -21.130000
307 93.770000
348 -90.980000
175 -26.890000
449 116.360000
865 53.110000
269 9.880000
688 62.100000
431 -153.650000
238 67.690000
13 146.770000
197 -116.260000
624 -68.070000
682 63.750000
384 -85.010000
933 -19.090000
78 90.400000
154 -14.210000
887 -126.460000
283 161.420000
364 -101.810000
326 39.430000
900 47.700000
159 -14.590000
756 -114.430000
819 -25.540000
507 25.750000
280 -33.760000
367 96.750000
569 -140.590000
943 47.300000
796 64.670000
889 -33.900000
519 -98.430000
417 -35.480000
969 129.670000
555 41.730000
42 -30.260000
402 74.860000
660 -33.610000
851 -36.660000
406 76.580000
77 78.460000
476 -74.510000
14 -43.300000
196 133.510000
495 61.490000
234 -139.000000
540 -63.160000
174 -34.450000
393 73.710000
523 37.920000
416 -131.620000
954 155.510000
262 74.670000
12 63.180000
501 -108.270000
558 93.220000
496 -5.020000
679 2.580000
677 -32.410000
738 144.940000
859 119.130000
380 -70.700000
428 -153.660000
140 143.120000
353 36.570000
888 27.070000
566 96.070000
789 29.310000
504 56.610000
699 -76.240000
659 121.200000
255 42.250000
103 11.660000
494 152.440000
8 97.460000
247 127.910000
680 38.320000
835 76.090000
274 70.090000
962 100.450000
346 -63.080000
399 85.870000
152 162.210000
536 62.800000
81 -73.730000
227 45.300000
509 154.350000
491 88.220000
510 -160.800000
861 -51.360000
901 -134.120000
814 -53.080000
86 -146.140000
875 -23.980000
572 -135.180000
941 114.870000
981 47.490000
76 87.040000
706 135.180000
556 -128.560000
425 -23.680000
609 -142.950000
598 -113.340000
685 -50.410000
610 135.710000
475 -156.930000
910 -156.350000
903 44.000000
857 -65.300000
710 -6.350000
132 158.740000
765 -14.280000
302 90.280000
272 146.180000
445 22.010000
485 69.590000
91 -2.410000
80 86.890000
704 97.900000
750 -96.780000
748 29.920000
808 -3.470000
653 -81.270000
248 144.550000
585 46.320000
667 14.580000
646 162.540000
195 52.510000
700 50.330000
337 -91.210000
352 99.200000
841 -52.590000
160 107.260000
108 46.970000
919 76.670000
244 -128.220000
420 -151.010000
574 -141.630000
722 26.250000
98 -66.020000
359 163.020000
521 -104.450000
621 150.780000
909 -64.220000
657 85.540000
576 -16.830000
703 19.470000
616 129.050000
512 -80.030000
58 -98.420000
902 7.270000
64 -155.950000
604 135.730000
437 -63.750000
908 -146.600000
147 88.010000
830 -113.120000
721 64.840000
533 157.850000
929 -116.900000
820 -62.670000
662 -148.550000
332 130.380000
321 -95.670000
440 122.830000
241 35.810000
597 -103.620000
714 -103.190000
669 7.410000
769 153.790000
539 -115.770000
281 -107.810000
305 47.530000
587 104.260000
158 -153.290000
582 -26.710000
602 0.560000
618 -153.310000
633 18.550000
173 161.150000
469 -89.210000
488 20.090000
156 -97.810000
619 114.470000
698 -91.050000
327 40.650000
194 59.530000
674 35.140000
453 104.330000
105 -161.540000
125 131.770000
60 -147.280000
736 59.780000
256 67.630000
311 48.050000
53 81.320000
951 -7.680000
228 -38.130000
753 -160.530000
287 -20.500000
508 -39.900000
537 117.810000
118 27.520000
916 -137.600000
615 28.980000
288 -81.890000
411 120.130000
89 162.280000
343 -125.780000
606 150.670000
446 -53.190000
83 139.170000
928 -7.940000
328 -59.610000
683 -122.010000
221 -106.190000
111 -14.810000
7 104.380000
11 51.940000
740 -156.290000
766 -29.550000
690 8.400000
639 -111.790000
366 104.230000
696 -50.160000
395 121.490000
167 -129.360000
218 -140.070000
27 56.350000
892 74.730000
583 -7.060000
373 56.080000
944 130.430000
573 -53.560000
577 138.550000
355 -142.720000
506 -51.910000
473 38.840000
755 45.890000
163 120.590000
157 93.870000
805 -150.020000
568 157.960000
429 -68.960000
592 -91.700000
320 -77.730000
290 43.350000
986 84.820000
278 -71.260000
131 22.150000
645 -87.970000
518 -80.230000
988 -39.500000
655 -146.480000
374 155.990000
22 -50.140000
171 -97.750000
62 10.490000
137 68.600000
707 104.580000
891 -68.600000
92 108.170000
341 13.970000
170 161.610000
608 -79.000000
849 -101.900000
273 -145.430000
719 24.220000
186 51.950000
647 51.140000
203 34.070000
69 101.060000
408 -99.060000
474 162.240000
193 26.360000
818 3.000000
101 90.690000
412 -59.870000
30 37.530000
553 106.490000
433 -91.430000
325 24.990000
996 153.750000
879 7.120000
109 -7.050000
923 86.750000
584 -23.760000
802 82.930000
956 -45.990000
937 -27.750000
120 135.460000
894 -104.100000
400 -17.540000
162 -5.920000
246 -82.370000
741 104.740000
271 -161.470000
184 148.430000
330 68.000000
538 106.820000
652 4.950000
124 155.640000
605 154.270000
623 -98.450000
237 138.060000
471 -78.970000
915 132.310000
375 60.480000
455 -76.310000
97 98.980000
780 134.760000
614 -31.510000
211 35.430000
920 -15.820000
626 151.780000
178 79.700000
451 -136.840000
116 -138.540000
817 -29.070000
57 105.070000
821 8.230000
935 17.830000
594 -8.540000
401 16.010000
634 2.430000
503 80.070000
754 -39.630000
897 -5.700000
73 -150.520000
632 -18.760000
208 116.910000
873 126.390000
296 -158.410000
827 50.050000
801 152.640000
39 -56.220000
642 -12.990000
316 138.380000
389 -115.110000
611 -130.400000
319 -3.030000
934 -131.320000
844 123.850000
388 -34.500000
541 79.820000
676 -74.070000
980 -28.240000
534 14.490000
612 46.970000
899 148.190000
735 -110.430000
964 -78.370000
144 69.520000
329 7.850000
470 56.290000
87 23.790000
959 -163.620000
999 -71.350000
467 73.340000
663 55.120000
571 22.780000
37 156.460000
113 163.350000
382 -91.540000
153 -13.780000
684 51.040000
21 49.400000
770 76.070000
938 128.880000
709 72.060000
309 83.960000
984 37.520000
869 126.500000
19 -15.930000
744 -45.760000
828 -149.260000
528 -27.860000
620 -15.390000
562 46.450000
927 78.440000
242 33.880000
61 70.620000
180 3.580000
921 127.680000
93 -11.040000
881 133.500000
989 -113.960000
681 52.470000
513 155.370000
340 112.230000
299 119.990000
833 140.490000
314 42.840000
746 16.450000
438 -56.460000
74 64.120000
187 -75.900000
435 136.580000
567 -41.940000
312 -131.440000
447 95.200000
190 -102.440000
643 -6.610000
230 -38.020000
32 -56.960000
423 153.070000
371 98.770000
630 -25.090000
51 158.120000
66 -85.720000
794 160.420000
694 -58.410000
239 141.190000
839 86.400000
347 -48.520000
863 -84.080000
589 -89.330000
686 94.080000
940 71.860000
1000 -43.050000
46 -58.930000
313 78.880000
774 68.750000
17 89.190000
979 -63.810000
549 16.250000
970 68.050000
52 149.740000
560 -120.030000
737 -128.540000
595 27.660000
414 -22.650000
442 31.690000
480 133.480000
790 -58.850000
815 92.960000
387 -18.610000
415 94.510000
974 -68.910000
468 59.650000
0 152.520000
233 118.790000
191 26.390000
106 -94.510000
836 -33.550000
561 21.070000
963 146.880000
383 42.600000
641 106.540000
419 38.910000
68 158.200000
418 46.140000
323 -97.430000
955 40.030000
243 32.180000
452 128.670000
784 -162.080000
198 85.960000
550 -158.530000
20 -126.230000
55 -59.020000
344 27.780000
150 -87.130000
3 -36.240000
403 -1.900000
834 118.280000
422 -125.040000
306 -149.400000
5 118.400000
783 62.840000
339 -24.530000
548 -112.250000
67 -49.360000
185 -70.190000
936 -17.070000
291 136.030000
613 -81.960000
695 23.030000
804 117.450000
498 144.790000
799 -99.050000
390 -113.380000
259 62.920000
486 46.180000
987 -104.090000
413 -153.120000
169 157.620000
404 23.350000
838 -54.370000
520 -51.450000
84 132.250000
492 -149.820000
28 37.860000
110 23.380000
918 -96.590000
631 -84.220000
884 82.600000
205 66.580000
596 -147.600000
661 -38.470000
493 65.020000
128 -112.990000
516 -69.710000
499 -25.990000
650 -157.620000
334 96.850000
772 -55.560000
301 -89.420000
825 26.190000
25 -24.370000
40 33.780000
747 8.770000
687 -33.200000
691 133.780000
460 -83.760000
723 -79.110000
637 61.870000
992 70.240000
559 -18.600000
912 133.730000
689 -82.230000
726 -117.540000
232 -29.950000
697 48.840000
511 79.310000
257 76.240000
294 98.770000
727 66.600000
2 -150.490000
155 -41.710000
551 90.930000
254 -160.220000
898 -112.600000
822 12.080000
803 -99.220000
953 9.860000
581 -22.040000
762 -149.420000
842 115.260000
824 -32.120000
715 112.880000
907 61.470000
24 52.210000
731 133.610000
249 4.700000
26 82.100000
31 97.770000
671 -59.550000
331 130.380000
782 -98.450000
729 -140.660000
877 65.680000
365 -138.710000
266 -107.550000
107 153.610000
284 -38.560000
832 -96.900000
779 126.120000
525 -12.560000
640 -140.430000
925 104.970000
44 101.450000
88 -70.080000
356 123.820000
967 -91.210000
526 76.040000
345 37.870000
904 -90.820000
670 69.490000
656 -163.080000
206 -13.570000
882 -130.030000
977 114.540000
282 -4.350000
712 84.450000
628 18.980000
795 -80.400000
701 82.100000
308 68.510000
182 138.440000
713 -68.050000
464 102.320000
260 139.520000
261 59.290000
593 20.130000
363 106.600000
600 80.670000
112 -107.370000
787 4.410000
948 40.200000
85 -57.440000
896 -56.350000
138 49.630000
924 56.730000
855 -106.660000
357 119.160000
385 -151.820000
552 115.350000
336 95.340000
971 102.010000
793 148.860000
459 67.850000
164 -148.340000
204 -99.200000
961 -101.520000
391 -99.620000
1 -118.730000
565 81.310000
666 -77.590000
708 143.920000
752 -96.670000
993 157.420000
792 -153.270000
172 -22.750000
130 70.050000
543 9.940000
15 -43.750000
848 -66.760000
622 -38.840000
143 154.810000
351 -87.430000
102 22.940000
978 111.700000
952 96.700000
840 111.220000
673 9.590000
127 86.300000
965 114.580000
264 -100.970000
557 56.540000
212 119.420000
245 115.530000
59 71.000000
324 -58.770000
852 144.750000
854 -90.260000
678 76.240000
481 -0.440000
456 17.460000
883 120.860000
183 121.050000
856 -158.180000
23 -13.280000
213 110.580000
913 162.850000
381 -112.460000
930 -74.270000
358 -8.020000
807 -120.920000
946 -101.240000
295 -143.670000
16 -87.170000
333 -103.370000
998 -32.310000
129 127.700000
315 139.670000
564 -20.470000
853 -131.730000
995 -18.330000
705 -25.310000
362 4.230000
675 35.990000
542 87.840000
229 -59.930000
730 -25.660000
224 150.930000
72 31.390000
607 83.130000
950 85.360000
133 -83.860000
905 -114.710000
570 8.240000
199 37.660000
286 -146.860000
651 84.870000
409 -9.680000
872 -35.500000
114 49.190000
773 -76.970000
890 -35.390000
522 104.670000
945 119.600000
268 35.360000
161 -121.850000
29 38.890000
47 19.810000
761 161.340000
300 -119.540000
361 -17.200000
578 -1.240000
654 -138.690000
749 58.160000
267 92.040000
90 8.880000
864 61.090000
463 -85.740000
104 -153.550000
629 144.600000
45 -74.120000
189 77.370000
781 -123.960000
34 80.070000
378 35.650000
265 139.180000
298 -97.460000
658 12.400000
18 -109.470000
718 107.540000
797 23.760000
117 30.600000
148 54.900000
139 -84.710000
845 -40.610000
505 65.890000
478 133.660000
165 42.810000
181 74.720000
293 -58.510000
546 160.880000
441 -2.580000
702 157.600000
734 153.850000
911 -109.870000
994 156.170000
763 152.140000
454 -156.490000
270 125.770000
121 -69.950000
866 152.430000
434 50.740000
236 -140.490000
4 -135.910000
201 -90.980000
368 95.770000
9 -118.900000
335 137.130000
225 -129.830000
586 78.130000
396 -20.420000
96 -147.290000
811 -111.300000
54 -6.340000
983 -89.940000
349 18.720000
258 -6.270000
958 147.160000
222 -148.080000
465 134.050000
692 53.230000
649 -10.090000
207 -76.630000
563 -145.700000
472 -32.410000
303 -45.580000
70 -130.210000
430 97.580000
75 -105.110000
949 58.540000
318 -149.110000
862 -159.860000
215 93.070000
276 -22.390000
809 5.390000
397 -14.510000
812 88.160000
426 107.660000
514 103.590000
886 -41.780000
95 80.040000
939 -48.290000
638 128.210000
275 28.010000
432 26.910000
515 -28.810000
878 130.990000
292 24.660000
458 127.620000
745 -68.840000
575 -104.130000
973 33.450000
768 76.400000
759 -148.450000
119 158.290000
135 -49.110000
926 119.180000
711 111.770000
407 -138.730000
947 -29.290000
917 -76.510000
209 -96.600000
871 -154.400000
771 1.610000
210 -55.770000
145 -52.920000
386 -108.460000
590 -63.670000
6 -65.250000
436 5.890000
739 39.140000
764 110.610000
644 -71.790000
285 -72.500000
443 -135.680000
10 -12.000000
410 72.410000
757 -115.560000
829 -99.520000
151 125.820000
484 94.450000
850 27.480000
867 107.270000
547 -76.190000
235 42.650000
342 47.740000
531 138.120000
123 -49.560000
38 20.780000
370 149.820000
693 -157.660000
743 143.250000
122 -97.070000
529 89.860000
214 107.780000
226 15.400000
36 103.170000
625 -89.350000
99 -72.240000
405 31.070000
957 53.520000
277 -141.910000
976 -96.520000
932 31.990000
466 46.690000
870 138.580000
377 -144.780000
497 139.540000
972 62.920000
490 54.740000
310 -59.770000
223 -118.750000
532 35.630000
716 -75.350000
599 -28.780000
168 3.770000
733 70.030000
369 42.730000
50 91.390000
166 119.180000
279 159.580000
837 -71.080000
149 -9.140000
33 -135.760000
79 114.960000
960 -118.330000
871
198
642
406
680
385
683
803
214
511
287
264
939
659
864
127
696
495
131
87
276
61
580
817
534
603
390
309
805
409
662
437
175
168
666
431
551
376
825
275
249
903
290
849
223
727
907
238
360
746
950
114
732
267
32
867
917
757
58
150
793
167
844
516
320
605
422
629
419
944
782
503
744
416
44
562
484
473
353
879
122
34
56
117
812
533
19
286
606
5
544
196
986
85
618
607
705
720
813
601
998
343
807
517
704
133
158
554
318
243
644
536
543
977
29
281
356
89
310
571
878
831
252
366
445
959
143
475
135
848
341
739
463
447
639
927
395
557
719
956
598
70
767
965
527
171
500
28
628
185
57
566
418
257
219
574
856
326
393
556
42
15
778
925
926
709
348
27
934
992
716
694
989
132
284
661
110
482
358
423
846
478
502
698
891
735
213
152
232
155
860
808
650
802
513
610
384
285
951
442
937
398
369
784
600
60
506
92
415
640
241
295
714
382
396
730
162
429
361
270
824
538
23
611
480
469
111
701
529
82
512
481
204
477
106
679
800
94
491
233
906
313
537
7
896
499
972
647
256
682
321
368
667
857
80
707
741
210
731
116
315
505
740
237
964
161
324
434
112
892
9
269
996
178
935
614
886
247
378
88
297
507
726
874
179
407
631
762
688
918
497
105
641
426
788
81
274
170
672
790
569
801
136
695
36
884
128
658
47
417
362
428
887
555
550
687
686
541
192
765
638
677
420
278
781
412
248
494
785
528
932
338
118
909
43
24
253
717
461
63
83
333
759
637
17
702
617
540
890
514
545
901
319
363
942
660
355
568
558
408
493
960
830
14
52
440
391
245
591
665
966
880
392
697
90
151
590
773
774
405
268
530
563
86
855
377
929
872
955
979
201
865
548
449
931
240
632
875
337
756
95
777
676
653
323
602
379
689
46
755
722
65
349
915
55
496
843
1000
293
775
771
669
209
620
258
919
973
549
371
546
532
4
769
261
397
250
289
163
174
823
811
525
842
364
608
733
421
218
868
908
485
948
526
912
750
957
25
45
711
715
425
212
254
518
115
588
592
710
582
623
140
186
888
911
822
692
579
664
920
172
187
869
401
953
184
827
266
453
125
173
456
905
375
159
331
794
924
413
439
535
37
357
291
761
41
799
346
402
296
968
433
12
721
599
234
994
729
893
678
854
963
763
520
654
483
224
199
870
980
668
347
189
651
329
881
673
916
576
877
837
197
282
940
789
766
441
636
328
988
724
596
797
403
816
121
838
141
130
624
200
107
334
166
432
84
454
586
236
504
157
791
522
183
873
265
862
148
462
734
983
583
147
97
498
263
455
228
648
39
227
444
96
30
626
303
221
770
182
947
570
902
559
655
787
472
205
922
388
64
99
839
139
531
251
344
634
207
616
833
882
451
749
464
430
751
446
970
367
35
990
622
119
760
359
138
866
144
758
748
300
6
597
728
471
836
961
11
271
772
260
380
832
101
826
108
414
809
619
311
573
124
510
123
71
466
215
706
780
738
587
521
976
399
54
273
193
129
646
900
776
958
137
753
804
272
1
552
468
974
339
53
581
394
585
725
342
38
78
547
487
681
852
987
103
954
743
508
217
317
649
452
460
895
613
211
490
889
479
33
59
109
572
354
565
314
539
332
220
894
969
829
899
612
474
851
292
277
436
819
737
427
928
156
645
351
387
372
885
643
840
690
190
850
652
699
509
299
523
255
897
2
621
486
835
325
810
383
999
164
202
754
635
589
798
488
13
949
971
792
280
859
975
410
301
126
259
806
203
458
98
933
283
630
169
26
684
154
91
853
308
984
627
674
560
230
229
288
345
796
350
235
981
685
594
386
997
747
102
871
712
876
165
742
476
246
370
921
312
465
208
335
553
542
231
68
75
411
914
31
145
845
22
10
515
633
783
858
962
923
8
21
941
982
142
567
625
146
815
48
298
77
330
73
0
814
470
306
847
991
69
703
153
