20
1361914 -100.490000
868344669 -6.590000
376128984 105.790000
801617593 117.620000
762865354 -64.220000
16091592 -44.410000
158171745 160.080000
478533170 -162.300000
9580346 10.380000
613286890 35.120000
178503575 -16.120000
378067515 35.290000
841056888 6.520000
324225401 74.280000
26358306 12.900000
152840429 -86.720000
925772919 91.640000
905843610 163.740000
656565238 -76.600000
319210876 -156.050000
15
376128984
925772919
324225401
502988456
799288979
841056888
1361914
905843610
528140588
378067515
743951898
75592375
26358306
191025620
319210876
